1118
0 117 0
1 233 263
2 8 118
3 71 258
4 118 223
5 41 248
6 12 260
7 154 150
8 49 215
9 248 241
10 282 45
11 202 300
12 299 44
13 99 26
14 68 263
15 184 187
16 232 151
17 14 279
18 150 136
19 138 254
20 288 144
21 102 73
22 141 94
23 258 216
24 107 213
25 202 92
26 260 163
27 113 100
28 244 143
29 148 167
30 77 157
31 79 34
32 241 277
33 139 13
34 79 43
35 176 212
36 248 178
37 103 283
38 143 232
39 199 57
40 144 122
41 98 86
42 202 157
43 123 291
44 42 37
45 283 143
46 2 187
47 130 40
48 285 19
49 17 101
50 142 31
51 238 231
52 6 279
53 279 16
54 49 11
55 128 257
56 215 131
57 239 22
58 200 108
59 266 277
60 15 118
61 299 262
62 182 104
63 48 42
64 55 122
65 166 272
66 267 107
67 24 67
68 265 150
69 5 31
70 141 212
71 144 12
72 253 86
73 119 280
74 185 178
75 142 294
76 145 215
77 18 173
78 126 191
79 48 257
80 38 155
81 75 280
82 18 28
83 157 32
84 172 196
85 145 187
86 252 116
87 277 57
88 244 160
89 298 127
90 271 72
91 11 233
92 249 259
93 106 246
94 111 195
95 265 97
96 253 217
97 24 87
98 105 137
99 106 164
100 268 164
101 132 281
102 282 125
103 143 114
104 152 288
105 189 109
106 188 137
107 56 34
108 230 55
109 64 298
110 15 79
111 160 49
112 112 89
113 211 210
114 171 205
115 58 56
116 79 284
117 282 50
118 27 60
119 125 149
120 190 154
121 21 33
122 253 263
123 33 262
124 183 124
125 85 0
126 236 144
127 212 125
128 213 220
129 5 24
130 170 269
131 87 18
132 89 208
133 257 69
134 208 105
135 69 209
136 51 47
137 136 203
138 89 265
139 208 277
140 87 57
141 141 157
142 269 32
143 272 264
144 217 255
145 13 87
146 192 184
147 116 149
148 134 258
149 177 139
150 255 57
151 62 5
152 254 174
153 138 217
154 245 113
155 225 8
156 171 257
157 15 9
158 7 254
159 146 147
160 249 72
161 5 4
162 194 83
163 183 160
164 91 287
165 55 202
166 25 183
167 163 193
168 248 77
169 163 231
170 291 56
171 290 37
172 193 268
173 282 109
174 295 63
175 149 67
176 134 161
177 104 101
178 144 164
179 78 263
180 172 14
181 69 94
182 56 15
183 37 273
184 291 13
185 174 296
186 250 246
187 289 63
188 3 287
189 33 196
190 267 158
191 233 100
192 12 190
193 236 120
194 135 244
195 277 270
196 271 21
197 178 287
198 274 175
199 267 185
200 130 91
201 212 201
202 7 107
203 225 49
204 74 148
205 89 279
206 258 92
207 67 160
208 20 232
209 297 184
210 7 124
211 77 91
212 92 85
213 293 91
214 52 265
215 271 7
216 79 132
217 28 6
218 213 66
219 214 47
220 112 175
221 189 241
222 207 37
223 119 77
224 174 191
225 40 127
226 138 77
227 21 300
228 58 23
229 37 252
230 62 39
231 163 75
232 278 242
233 178 272
234 147 236
235 227 70
236 286 249
237 18 265
238 134 57
239 295 100
240 102 221
241 292 237
242 49 149
243 213 261
244 284 243
245 222 267
246 162 134
247 270 82
248 273 131
249 36 75
250 172 249
251 66 171
252 266 249
253 97 182
254 19 290
255 2 194
256 217 200
257 95 8
258 37 53
259 114 129
260 194 258
261 73 119
262 224 276
263 282 269
264 105 188
265 113 231
266 123 129
267 286 115
268 231 209
269 19 280
270 294 169
271 176 181
272 117 271
273 153 295
274 77 171
275 232 231
276 234 204
277 70 10
278 163 288
279 206 77
280 49 97
281 244 229
282 185 227
283 20 91
284 56 285
285 37 180
286 155 272
287 124 197
288 160 89
289 191 193
290 30 54
291 98 20
292 20 199
293 213 185
294 162 256
295 112 1
296 244 45
297 261 277
298 35 243
299 219 283
300 245 215
301 48 107
302 28 261
303 68 45
304 166 55
305 283 175
306 81 274
307 167 103
308 127 44
309 193 59
310 205 264
311 25 196
312 113 166
313 60 214
314 15 54
315 183 192
316 128 134
317 37 91
318 152 223
319 240 164
320 194 297
321 233 197
322 22 102
323 98 213
324 271 119
325 232 295
326 267 17
327 136 154
328 294 212
329 190 231
330 59 11
331 138 142
332 86 8
333 1 235
334 167 178
335 136 222
336 4 81
337 140 130
338 6 66
339 172 290
340 194 211
341 71 192
342 185 208
343 54 190
344 208 192
345 179 119
346 102 94
347 11 136
348 115 249
349 229 142
350 80 84
351 242 99
352 65 155
353 5 54
354 39 262
355 59 156
356 94 257
357 119 202
358 135 135
359 85 187
360 212 273
361 288 43
362 168 19
363 107 35
364 175 20
365 5 44
366 157 23
367 178 110
368 213 149
369 88 177
370 257 107
371 22 159
372 286 26
373 192 216
374 40 23
375 16 123
376 180 38
377 67 65
378 275 248
379 275 105
380 208 241
381 289 152
382 283 292
383 23 244
384 240 77
385 203 276
386 31 232
387 55 290
388 199 193
389 89 138
390 39 66
391 243 72
392 128 11
393 211 139
394 278 79
395 131 23
396 278 40
397 203 292
398 118 232
399 94 55
400 6 299
401 32 215
402 278 264
403 207 179
404 291 3
405 233 240
406 208 18
407 91 298
408 70 74
409 231 3
410 270 293
411 280 24
412 181 220
413 169 124
414 227 176
415 48 136
416 83 196
417 107 96
418 20 129
419 260 271
420 10 95
421 219 224
422 282 281
423 71 242
424 276 170
425 232 16
426 258 152
427 247 200
428 180 43
429 128 160
430 118 190
431 173 105
432 75 248
433 101 172
434 44 155
435 55 269
436 114 71
437 230 116
438 107 174
439 272 157
440 264 30
441 226 16
442 21 20
443 239 244
444 0 291
445 128 144
446 140 246
447 108 275
448 209 258
449 290 198
450 299 217
451 111 216
452 241 197
453 13 4
454 276 20
455 196 223
456 22 9
457 256 100
458 264 260
459 271 204
460 109 144
461 102 228
462 262 134
463 244 135
464 282 82
465 251 162
466 293 78
467 135 73
468 70 143
469 167 146
470 283 235
471 236 258
472 245 108
473 92 123
474 15 238
475 259 32
476 223 299
477 34 58
478 78 209
479 140 20
480 114 264
481 76 8
482 1 85
483 95 293
484 25 232
485 292 274
486 47 130
487 234 69
488 240 150
489 204 47
490 229 170
491 211 28
492 89 43
493 35 83
494 39 169
495 131 129
496 202 208
497 80 18
498 236 85
499 291 232
500 174 144
501 167 78
502 123 212
503 16 152
504 116 13
505 97 138
506 49 179
507 44 20
508 29 189
509 261 234
510 27 161
511 65 179
512 174 284
513 259 256
514 39 98
515 133 149
516 85 296
517 100 4
518 104 199
519 221 86
520 146 257
521 254 147
522 179 51
523 66 33
524 16 35
525 153 81
526 171 62
527 171 112
528 1 129
529 59 150
530 11 112
531 293 128
532 6 235
533 263 208
534 21 137
535 31 224
536 223 57
537 284 95
538 16 161
539 176 61
540 131 248
541 54 91
542 112 47
543 278 289
544 256 276
545 165 262
546 297 116
547 214 100
548 181 67
549 300 57
550 295 7
551 139 173
552 226 80
553 297 288
554 238 264
555 35 190
556 290 87
557 49 76
558 178 93
559 65 107
560 73 105
561 278 182
562 250 98
563 85 106
564 101 271
565 167 246
566 101 163
567 19 4
568 246 130
569 128 60
570 292 267
571 184 286
572 138 274
573 220 2
574 239 225
575 223 246
576 11 38
577 219 171
578 22 252
579 39 211
580 292 104
581 213 80
582 60 90
583 28 269
584 229 92
585 287 132
586 80 100
587 10 213
588 188 266
589 243 39
590 174 228
591 101 31
592 193 206
593 13 45
594 179 31
595 228 239
596 203 112
597 50 230
598 0 250
599 134 167
600 255 247
601 242 251
602 22 276
603 213 120
604 127 103
605 117 96
606 259 284
607 84 14
608 161 155
609 156 141
610 156 260
611 59 79
612 296 2
613 251 133
614 200 82
615 160 267
616 249 281
617 71 172
618 26 113
619 136 40
620 80 95
621 17 64
622 3 226
623 81 70
624 85 158
625 110 121
626 14 216
627 172 98
628 124 29
629 216 242
630 190 22
631 280 166
632 170 240
633 262 86
634 44 165
635 93 170
636 59 95
637 132 275
638 147 225
639 195 134
640 164 98
641 56 209
642 130 32
643 39 240
644 57 162
645 63 191
646 39 59
647 1 95
648 76 47
649 294 22
650 222 92
651 291 226
652 164 169
653 119 9
654 90 225
655 134 97
656 102 111
657 29 288
658 74 270
659 245 103
660 259 53
661 107 266
662 33 19
663 83 251
664 204 22
665 99 47
666 117 178
667 270 127
668 106 256
669 78 228
670 60 234
671 261 42
672 0 171
673 157 204
674 231 156
675 119 196
676 169 211
677 111 243
678 207 121
679 60 121
680 34 4
681 98 276
682 137 120
683 227 264
684 81 24
685 284 223
686 242 9
687 191 199
688 174 163
689 173 56
690 120 238
691 283 186
692 91 181
693 219 36
694 52 224
695 231 288
696 70 30
697 288 75
698 94 134
699 143 73
700 82 268
701 244 282
702 282 211
703 84 218
704 72 199
705 197 72
706 254 78
707 88 274
708 288 139
709 269 65
710 281 66
711 228 195
712 152 172
713 37 0
714 87 230
715 207 168
716 63 201
717 265 266
718 35 34
719 209 163
720 83 49
721 298 203
722 243 264
723 44 240
724 23 190
725 131 118
726 227 86
727 145 101
728 132 264
729 70 276
730 101 254
731 175 77
732 164 85
733 60 67
734 22 43
735 90 247
736 236 220
737 119 137
738 47 262
739 281 197
740 226 251
741 105 153
742 245 292
743 271 253
744 124 120
745 43 2
746 121 42
747 208 216
748 299 237
749 125 92
750 89 38
751 254 158
752 2 271
753 282 30
754 178 249
755 28 92
756 174 43
757 226 186
758 114 283
759 290 19
760 288 184
761 97 63
762 20 80
763 257 127
764 64 260
765 270 195
766 119 56
767 218 52
768 123 246
769 279 73
770 47 69
771 51 2
772 109 126
773 232 272
774 254 138
775 232 60
776 276 2
777 183 18
778 52 63
779 158 95
780 1 203
781 78 201
782 195 140
783 300 175
784 65 144
785 12 181
786 284 12
787 45 7
788 153 49
789 264 9
790 214 229
791 220 101
792 180 264
793 183 99
794 82 115
795 221 114
796 105 62
797 146 208
798 64 279
799 220 234
800 10 242
801 43 223
802 8 72
803 23 153
804 76 28
805 181 73
806 37 226
807 148 30
808 189 223
809 86 145
810 155 42
811 270 300
812 56 238
813 160 220
814 79 186
815 177 206
816 35 286
817 278 161
818 150 283
819 74 213
820 295 50
821 90 4
822 57 195
823 54 96
824 25 168
825 249 229
826 221 294
827 253 93
828 94 144
829 42 234
830 42 287
831 155 230
832 278 228
833 25 297
834 70 5
835 31 169
836 264 177
837 87 23
838 187 80
839 95 95
840 118 29
841 213 157
842 171 119
843 114 116
844 276 196
845 184 253
846 61 115
847 164 212
848 248 189
849 143 135
850 256 222
851 197 292
852 262 125
853 0 119
854 187 298
855 224 152
856 224 157
857 75 136
858 69 100
859 76 76
860 23 76
861 157 286
862 217 7
863 96 30
864 216 293
865 9 169
866 240 206
867 283 77
868 171 232
869 152 244
870 76 114
871 290 109
872 137 178
873 17 107
874 236 280
875 198 237
876 271 91
877 175 260
878 44 278
879 66 252
880 64 132
881 153 182
882 179 185
883 150 154
884 149 62
885 141 299
886 119 185
887 223 197
888 233 34
889 15 166
890 243 270
891 245 256
892 179 175
893 269 234
894 102 236
895 49 278
896 125 263
897 61 289
898 92 63
899 89 93
900 21 54
901 204 99
902 235 25
903 164 187
904 201 127
905 3 110
906 203 67
907 222 287
908 97 129
909 19 204
910 186 41
911 242 237
912 210 298
913 14 201
914 192 277
915 134 66
916 84 242
917 252 234
918 95 208
919 228 279
920 83 78
921 263 300
922 211 42
923 147 269
924 286 259
925 57 51
926 85 126
927 278 156
928 194 246
929 94 109
930 197 263
931 125 50
932 167 48
933 146 277
934 239 182
935 30 33
936 110 225
937 293 295
938 9 160
939 211 109
940 254 52
941 239 287
942 217 266
943 153 165
944 208 129
945 232 254
946 298 72
947 219 81
948 9 285
949 88 214
950 205 72
951 42 86
952 131 80
953 285 162
954 150 216
955 122 141
956 282 100
957 193 52
958 100 56
959 0 60
960 183 59
961 77 163
962 29 279
963 92 69
964 186 128
965 127 86
966 244 94
967 230 190
968 121 62
969 159 227
970 294 155
971 42 186
972 157 177
973 299 279
974 266 191
975 247 65
976 63 52
977 16 145
978 149 46
979 166 200
980 110 207
981 235 189
982 108 58
983 39 114
984 21 14
985 114 154
986 280 9
987 75 54
988 236 292
989 265 0
990 274 37
991 185 273
992 53 73
993 252 202
994 264 113
995 69 116
996 173 222
997 11 265
998 94 187
999 290 300
1000 127 283
1001 145 244
1002 114 202
1003 125 65
1004 64 138
1005 101 158
1006 50 124
1007 274 45
1008 234 182
1009 297 226
1010 118 172
1011 127 16
1012 295 179
1013 186 69
1014 213 14
1015 221 239
1016 175 66
1017 242 3
1018 117 124
1019 60 167
1020 174 90
1021 255 207
1022 149 23
1023 126 180
1024 208 86
1025 263 141
1026 264 120
1027 158 79
1028 64 247
1029 88 200
1030 159 171
1031 296 196
1032 214 0
1033 152 119
1034 275 300
1035 221 73
1036 43 172
1037 72 187
1038 200 219
1039 291 190
1040 105 40
1041 54 154
1042 218 300
1043 149 198
1044 22 178
1045 11 30
1046 248 149
1047 99 121
1048 31 116
1049 20 216
1050 164 151
1051 70 134
1052 116 5
1053 108 71
1054 207 95
1055 93 150
1056 21 96
1057 219 109
1058 294 222
1059 279 191
1060 281 248
1061 156 279
1062 271 112
1063 279 206
1064 24 28
1065 7 131
1066 78 106
1067 257 119
1068 162 43
1069 116 217
1070 0 241
1071 198 285
1072 129 109
1073 288 68
1074 113 257
1075 106 251
1076 133 198
1077 195 116
1078 188 56
1079 79 220
1080 88 154
1081 19 210
1082 220 251
1083 177 195
1084 167 218
1085 103 183
1086 43 53
1087 126 115
1088 141 105
1089 128 185
1090 251 1
1091 202 140
1092 218 140
1093 68 24
1094 202 200
1095 37 120
1096 208 147
1097 198 232
1098 190 132
1099 177 156
1100 213 71
1101 35 40
1102 250 274
1103 148 73
1104 240 189
1105 253 46
1106 153 71
1107 223 31
1108 91 235
1109 285 167
1110 137 262
1111 46 268
1112 256 239
1113 6 10
1114 115 21
1115 219 181
1116 52 104
1117 209 288
425 441
274 617
154 472
121 524
426 751
754 845
927 953
757 1115
142 475
59 297
172 991
408 859
275 595
547 1054
321 711
292 913
120 163
523 696
81 729
32 1102
253 692
15 146
259 772
666 1010
632 868
372 649
100 190
238 569
432 663
629 799
427 993
276 452
57 902
46 255
225 486
78 287
765 844
329 808
307 640
287 1076
63 136
348 677
571 197
119 445
15 882
630 777
797 954
131 684
425 902
295 1052
404 550
40 682
105 1077
603 795
288 640
822 165
931 746
16 855
998 692
994 1067
626 1049
150 940
245 683
175 884
947 726
9 443
917 1112
559 995
351 966
215 776
171 361
66 1062
862 1032
341 1037
423 432
230 303
769 697
399 898
704 716
48 411
462 774
401 535
139 385
215 789
119 147
31 34
767 219
958 982
77 824
298 643
723 298
542 1040
939 596
332 821
340 496
175 1103
857 1051
10 361
11 851
636 823
688 1099
19 446
184 550
428 910
749 965
179 700
616 701
535 484
598 158
440 475
296 1105
606 544
550 612
316 445
367 527
865 889
247 876
60 375
186 600
584 726
119 955
1 554
962 183
84 1083
374 507
75 885
517 821
67 621
33 479
996 1084
532 800
644 1041
677 1075
47 642
205 707
813 1084
159 331
866 452
728 896
9 917
340 342
651 1058
6 237
442 1064
131 497
19 1110
254 833
114 35
190 439
428 756
47 619
389 505
563 1066
713 745
19 148
450 1009
867 394
144 1082
110 860
489 219
1 773
704 781
628 642
859 920
224 1083
625 1018
478 819
304 932
390 477
317 493
68 426
149 500
4 936
342 815
521 1046
45 708
826 864
597 812
608 1050
184 759
426 521
849 358
915 569
462 852
504 1114
386 484
74 892
105 62
37 681
133 160
177 346
913 909
718 935
676 35
70 76
15 289
825 917
114 676
889 938
519 581
162 838
583 602
170 549
592 687
283 755
831 969
657 816
875 221
20 381
211 586
160 391
857 468
136 1086
433 635
331 358
842 345
69 129
493 951
145 762
413 842
1045 524
216 1051
705 950
4 265
209 783
304 526
84 114
29 178
518 980
174 187
5 229
801 694
121 935
410 543
5 723
695 941
331 515
169 831
174 946
128 421
115 976
364 777
398 690
887 967
209 760
830 878
82 1064
293 344
349 16
527 431
503 977
1014 406
466 946
547 791
588 792
773 874
756 376
766 569
106 639
712 943
348 1075
560 586
1017 1090
271 74
610 294
784 1004
508 166
584 650
447 272
733 778
275 574
740 1082
210 853
967 981
82 524
1091 1096
460 741
393 1096
247 633
78 675
724 292
10 396
519 947
96 850
808 412
582 823
861 1061
551 872
249 390
1008 967
538 938
17 269
796 1053
310 930
160 168
314 900
104 273
159 883
355 529
4 451
350 859
125 332
48 786
369 692
182 228
100 424
391 487
53 986
248 667
429 599
117 1007
397 912
988 742
389 828
23 850
416 781
455 1038
727 1088
526 689
363 1040
419 297
206 827
649 759
34 492
172 914
7 883
130 545
624 1080
810 978
91 208
344 388
88 319
192 785
788 810
244 1060
439 927
552 947
433 438
329 875
669 714
718 1101
730 1075
96 300
503 538
588 991
573 862
213 556
503 803
990 1007
742 941
714 1108
1069 24
424 631
7 608
703 949
555 971
234 1001
445 955
66 370
503 371
60 210
394 464
665 958
8 694
4 1069
686 1017
405 595
240 936
582 636
141 176
261 995
417 605
597 801
175 699
545 610
103 1088
915 1003
919 299
947 1035
773 919
492 720
357 675
627 307
569 1003
185 339
633 206
600 1112
459 844
552 1035
216 857
79 214
828 1055
119 515
523 1093
342 35
259 266
196 326
325 476
265 690
676 1084
106 782
62 367
1042 912
874 919
757 1008
809 1055
168 384
487 775
1027 231
494 634
761 898
4 398
459 533
458 717
923 933
32 874
174 549
107 230
329 1097
123 583
657 962
396 1007
123 354
361 820
807 83
459 1063
260 588
534 977
604 1072
464 769
823 1116
422 543
468 1004
745 787
634 1036
108 203
959 338
337 849
325 695
744 1087
101 572
605 749
476 864
49 1056
38 638
625 843
200 965
236 244
535 806
695 907
794 1066
737 266
481 834
587 1081
155 441
316 358
344 1094
464 867
711 887
321 967
308 619
674 856
24 451
372 411
339 197
363 591
93 730
110 145
326 789
54 330
278 861
434 242
656 929
291 13
395 479
561 691
104 861
907 919
177 27
794 261
1105 940
459 765
240 461
134 596
60 530
454 48
333 1070
306 707
599 551
8 641
17 52
980 1002
26 100
42 719
590 996
710 769
455 808
741 985
761 963
232 470
197 512
189 508
259 1018
126 488
695 874
160 975
655 200
983 1048
723 829
532 474
309 960
906 950
354 1111
26 751
760 1012
693 922
198 305
157 453
731 805
86 1067
230 523
34 648
522 960
960 548
219 922
354 738
58 596
451 936
101 637
411 454
80 434
386 806
186 601
258 477
30 204
328 721
199 836
447 758
257 517
667 1026
184 649
343 822
631 1109
188 948
225 1095
108 775
388 1094
226 952
204 784
101 1000
680 713
644 1019
624 961
473 908
553 937
3 879
109 897
351 659
51 281
337 495
650 726
194 446
104 818
100 439
365 593
1087 1072
12 820
263 402
245 942
639 1098
423 1028
67 118
211 620
111 304
799 790
234 869
241 499
1049 1081
678 127
679 846
147 985
607 332
288 732
1004 1051
795 1057
874 941
134 939
502 1069
117 361
811 921
170 187
468 784
115 925
53 196
54 771
343 645
663 735
84 979
914 991
224 315
524 576
111 932
179 658
499 748
215 989
519 726
151 330
505 828
585 708
700 658
491 664
669 1079
347 1065
249 493
696 804
353 959
695 988
111 788
924 402
292 311
529 1041
682 725
432 879
141 178
207 352
355 1041
629 1015
305 631
144 448
258 290
443 601
856 16
41 212
143 717
497 837
810 1068
817 927
562 966
580 871
279 614
40 103
666 1023
189 311
697 867
125 821
185 197
650 791
276 321
809 1080
674 855
77 785
846 64
772 1018
169 868
58 134
667 852
904 944
405 443
356 730
351 472
762 860
695 919
318 969
376 910
445 515
956 173
72 827
264 94
76 797
552 726
2 210
13 863
312 1010
64 679
9 600
44 63
289 388
891 722
379 956
207 355
209 1039
1002 675
763 1067
360 942
581 947
366 1022
90 709
352 529
545 615
1046 488
157 1113
279 581
801 806
671 1105
404 612
135 716
178 943
1052 653
183 878
147 955
373 1038
558 1020
226 467
55 728
623 920
334 903
218 1100
29 712
759 786
140 399
419 717
739 844
595 799
882 892
439 817
618 1048
251 617
604 655
467 915
882 74
321 452
504 653
966 827
260 930
172 588
68 1025
110 762
519 552
952 965
395 1011
773 554
82 1045
264 1085
377 733
371 510
166 1044
36 934
1016 805
169 969
1074 1075
89 531
865 938
564 681
92 722
311 909
451 1069
95 876
651 685
438 312
36 152
482 647
201 256
235 1035
127 944
14 658
588 930
282 329
175 1106
519 650
38 234
757 967
97 283
348 768
981 452
359 814
226 699
504 1052
372 753
672 865
91 474
25 1054
292 909
333 532
678 944
318 638
39 957
389 698
138 707
322 873
383 474
26 465
294 545
324 1062
450 1058
1067 1026
494 835
848 1104
238 915
5 298
35 815
762 97
953 631
95 457
111 810
443 911
168 706
68 439
331 849
698 908
2 530
316 955
610 615
305 424
266 316
388 687
268 276
284 895
995 870
352 355
243 448
183 583
461 936
163 1099
735 916
243 942
1113 453
26 190
39 309
711 967
281 825
314 593
201 344
874 701
562 206
389 809
564 661
182 330
113 496
283 1056
765 1059
476 1042
286 1061
497 607
597 694
813 318
814 1037
236 1060
0 295
539 689
61 570
471 554
581 1100
636 541
22 727
391 975
293 403
937 999
15 315
813 969
240 24
609 7
528 1065
51 911
69 1045
81 116
1051 468
993 1021
510 824
864 907
744 725
213 537
187 1073
41 839
477 646
463 568
271 892
146 74
818 1061
85 881
554 722
521 774
897 387
270 783
519 584
155 573
485 973
23 533
451 980
308 931
376 428
47 746
379 173
851 1071
267 871
257 332
147 460
19 540
1059 691
1077 596
156 545
645 822
745 680
373 808
98 460
539 548
766 968
792 877
127 603
866 268
271 882
410 811
667 324
449 739
213 239
513 122
531 585
665 399
756 932
280 823
189 555
411 753
804 1093
202 530
983 1095
321 981
620 899
247 394
287 430
719 841
957 1078
176 599
711 757
279 1100
265 936
466 697
30 624
82 442
170 820
367 431
370 994
11 912
818 861
508 555
91 532
323 918
796 958
479 1022
447 661
141 883
668 1074
431 307
155 409
327 515
558 793
629 1082
138 356
802 336
153 335
48 53
914 1071
29 943
406 664
548 1013
19 520
712 972
505 908
136 925
353 365
659 966
1 471
157 984
214 435
174 1073
284 387
164 205
602 962
216 926
351 562
581 1024
716 165
32 701
231 501
972 1030
184 48
457 206
875 1097
266 495
173 267
242 1041
177 417
128 790
381 970
288 779
616 1102
384 487
56 127
55 540
113 747
862 1014
164 483
390 646
123 302
167 903
1008 1104
82 121
198 561
994 1026
573 1032
1023 1089
287 675
77 865
994 1062
480 661
277 481
889 371
210 1065
463 613
273 861
400 444
559 846
176 327
499 651
813 847
140 898
763 1026
172 930
104 1061
794 870
565 632
2 375
683 773
668 730
932 1068
898 963
614 1024
591 1040
150 660
696 1093
414 1115
663 916
18 849
532 1070
195 402
314 353
49 873
786 986
1 945
469 1050
699 1103
98 505
186 1112
522 689
1006 64
685 832
560 1066
881 972
114 979
10 1007
807 1022
962 816
289 687
233 792
935 1064
769 394
431 627
103 682
279 1024
277 834
416 1029
464 697
505 698
87 710
227 833
52 752
258 1086
333 622
128 747
747 496
782 1091
346 417
340 373
323 24
311 724
725 1087
250 565
145 283
458 743
48 759
28 1046
477 118
527 842
449 1039
210 528
124 345
591 863
1059 739
200 749
399 958
180 362
205 306
638 831
817 424
613 774
469 500
497 684
162 614
510 803
55 896
367 345
310 448
31 804
728 1110
1097 455
241 470
340 592
287 357
941 701
52 948
32 890
7 159
37 447
410 921
57 425
734 524
437 795
884 1106
603 678
5 643
114 815
494 1036
132 949
660 1105
568 613
645 716
44 1101
362 364
446 1001
673 1043
627 640
202 905
960 1078
302 583
334 652
562 659
338 802
397 1117
878 895
925 976
220 666
478 781
3 179
824 371
244 470
316 495
56 944
191 351
66 994
233 991
722 890
86 154
586 620
253 1085
237 997
232 244
396 990
78 1089
130 233
771 787
88 465
341 645
320 851
1018 744
553 973
397 1071
316 737
421 790
643 723
305 1109
188 444
415 486
70 797
911 281
265 398
157 456
839 899
563 586
929 563
590 868
108 536
271 334
306 700
715 719
566 1005
438 1085
259 625
284 798
981 1104
757 981
214 1111
301 1116
890 1102
308 746
70 954
17 948
724 166
156 877
544 1102
498 726
449 721
93 677
1009 1058
65 615
129 1045
559 858
393 1091
212 899
855 856
257 821
240 323
217 456
471 601
509 893
399 761
95 206
840 1114
250 754
471 722
835 510
25 901
218 950
1076 78
556 537
916 1108
320 854
733 992
732 1027
157 567
576 1045
378 1060
54 182
888 902
15 74
184 786
20 45
700 707
456 984
281 574
48 372
18 609
419 544
711 981
509 1112
83 366
140 720
721 1031
405 911
9 911
559 560
430 675
114 847
217 567
458 513
220 312
148 1110
102 585
160 706
824 835
41 346
165 641
847 1084
597 829
155 862
809 828
285 971
829 806
639 1091
3 764
611 992
934 1008
272 480
652 1030
49 322
275 405
747 1038
577 1115
221 928
817 953
941 988
511 617
54 787
690 768
76 954
52 188
414 577
106 1098
864 1042
1031 1039
262 299
548 805
939 547
53 454
791 1057
49 420
222 491
676 847
239 580
118 290
657 833
789 989
613 763
826 907
631 817
461 894
769 867
648 720
156 294
616 544
205 681
50 807
594 376
397 851
1081 909
207 1019
595 1015
1030 943
576 593
1059 561
180 364
880 1004
737 955
84 167
137 1076
195 263
326 454
447 564
799 1015
994 324
720 987
546 871
953 1109
638 954
864 1117
181 858
844 1059
796 982
788 978
325 988
481 332
317 755
651 1009
151 277
313 641
467 699
65 130
143 458
290 477
194 540
285 1036
540 768
1048 1095
522 756
449 1031
258 646
668 1075
384 498
536 775
321 887
474 800
13 591
639 904
465 751
252 378
499 1009
738 1111
262 773
223 436
395 628
575 595
112 605
16 488
939 1057
755 1056
23 1021
1027 1106
558 627
1116 280
660 940
53 411
318 831
619 642
341 814
419 59
860 67
560 858
317 951
979 167
250 632
77 889
702 1063
47 308
417 27
410 1034
194 1001
527 307
315 882
549 820
81 306
740 945
981 1008
691 760
3 14
251 1019
131 837
765 974
393 56
143 402
132 918
1104 934
1035 1100
126 349
373 455
93 1075
187 710
693 1107
229 298
486 1006
278 339
94 518
78 430
322 1056
501 1027
764 879
279 950
471 891
476 826
770 778
761 958
360 385
380 629
22 655
498 584
755 97
541 582
513 600
209 1012
6 158
526 539
838 805
647 420
670 812
51 574
414 1008
489 922
132 1029
20 708
68 190
470 499
574 736
138 700
222 922
16 674
94 1002
90 394
602 17
480 1074
203 536
25 1024
462 1025
575 1082
539 1016
673 979
372 759
453 567
572 933
852 1067
817 1109
843 1018
382 543
289 315
55 148
935 1101
598 1070
607 481
269 602
126 28
811 1034
111 1068
473 926
342 592
305 561
654 714
99 312
433 566
640 779
71 479
473 1047
208 484
271 15
625 772
99 433
890 554
11 320
538 889
211 350
176 429
968 1003
678 904
383 578
246 609
141 327
73 272
492 750
794 563
276 866
456 567
113 201
62 793
256 887
204 468
243 310
253 998
462 763
264 253
780 255
198 424
339 512
232 1060
208 474
368 841
79 738
30 961
416 359
40 337
501 732
303 976
1054 1024
639 782
846 995
818 933
286 923
562 827
539 960
93 348
217 680
879 1028
210 375
377 408
659 472
181 582
407 516
665 1040
304 689
648 987
570 924
196 454
92 891
430 886
168 391
220 438
32 616
2 853
251 511
368 1096
529 784
124 964
134 901
485 570
143 195
526 1016
142 990
466 556
964 1098
156 250
760 1039
92 122
336 482
91 800
560 870
131 607
254 269
532 622
1092 56
678 596
9 1112
470 832
99 1005
745 771
633 72
607 837
407 483
262 919
548 1016
14 179
430 94
418 534
9 186
370 457
435 1111
1104 452
135 819
53 786
58 901
371 803
819 1079
606 297
286 615
392 1011
783 1012
393 1092
537 956
442 984
436 1053
252 743
318 954
1086 646
191 584
144 243
536 767
525 1103
401 579
284 897
146 289
658 729
224 882
386 535
805 1013
776 986
196 411
199 974
142 440
161 453
774 1025
541 823
900 118
328 450
414 490
357 1002
21 1053
112 417
390 770
235 487
375 418
1055 1080
379 1062
93 668
259 737
348 1074
69 576
627 1020
741 1005
645 1037
496 1094
220 1010
1073 697
10 117
659 154
734 593
628 840
293 1115
446 540
84 224
266 1018
1103 1106
428 522
51 275
1 683
766 931
245 262
506 971
299 907
346 839
270 1109
139 360
303 648
309 957
134 547
538 371
525 1106
144 740
90 769
184 404
311 508
70 153
457 562
716 822
869 1001
306 658
457 827
40 1033
309 1078
623 859
964 106
27 605
654 703
203 767
557 770
825 850
337 358
99 566
880 1051
31 696
501 731
327 429
705 906
637 1000
712 1030
282 808
464 556
148 728
374 662
763 852
587 626
14 764
471 945
241 748
1069 936
350 920
274 961
317 514
864 912
34 720
866 427
58 1077
575 629
576 365
950 1100
282 412
467 952
66 379
508 724
1089 886
998 359
315 1083
703 1079
684 837
135 478
644 355
328 1058
575 1015
826 1042
761 796
572 637
341 704
145 420
296 589
16 126
506 1036
241 244
829 643
452 427
44 718
676 815
77 1044
378 743
115 778
33 71
8 801
710 1073
525 1027
236 924
11 397
193 437
666 886
0 653
816 830
901 1054
981 934
215 986
290 900
369 635
76 153
575 740
729 798
121 1064
6 997
73 758
384 391
329 455
2 60
181 211
163 688
28 463
43 1000
852 1026
557 992
232 378
684 804
297 544
170 174
214 738
770 992
998 1085
151 834
601 891
434 634
110 802
886 1023
161 1113
73 1000
870 261
358 495
23 96
395 642
533 1021
908 1047
87 117
252 513
0 1052
