244
0 161 90
1 282 355
2 367 369
3 256 24
4 289 64
5 368 248
6 335 266
7 348 28
8 79 73
9 24 141
10 212 388
11 244 153
12 332 213
13 218 258
14 369 270
15 184 366
16 226 285
17 224 364
18 342 247
19 389 329
20 104 64
21 294 250
22 392 96
23 323 96
24 192 133
25 33 397
26 17 73
27 37 62
28 250 0
29 119 53
30 365 177
31 190 351
32 28 229
33 166 44
34 381 115
35 397 41
36 319 347
37 136 358
38 221 235
39 69 378
40 99 328
41 224 89
42 188 205
43 196 73
44 30 8
45 269 399
46 206 227
47 345 278
48 261 359
49 96 33
50 181 121
51 308 52
52 163 280
53 139 394
54 349 151
55 180 20
56 137 203
57 367 104
58 306 142
59 195 168
60 273 111
61 128 296
62 365 80
63 252 178
64 64 119
65 106 225
66 173 255
67 58 242
68 362 234
69 307 230
70 190 96
71 190 56
72 91 145
73 319 327
74 15 331
75 231 193
76 327 194
77 364 322
78 284 324
79 51 354
80 234 104
81 60 261
82 283 198
83 345 182
84 216 180
85 351 46
86 136 70
87 32 116
88 209 52
89 160 356
90 197 329
91 363 12
92 51 219
93 86 370
94 238 212
95 384 250
96 400 128
97 324 65
98 166 75
99 0 105
100 175 190
101 326 141
102 11 207
103 395 300
104 50 168
105 259 45
106 13 346
107 314 32
108 242 387
109 29 45
110 239 299
111 177 322
112 145 329
113 48 42
114 336 311
115 384 190
116 102 372
117 383 59
118 154 201
119 205 304
120 177 298
121 213 20
122 242 344
123 129 152
124 6 264
125 108 137
126 306 204
127 288 168
128 239 119
129 146 186
130 197 113
131 364 206
132 96 90
133 70 307
134 120 236
135 117 315
136 8 52
137 291 79
138 102 14
139 97 306
140 233 138
141 258 147
142 190 221
143 291 281
144 40 279
145 23 24
146 156 169
147 76 50
148 172 151
149 353 261
150 104 189
151 133 339
152 1 324
153 150 9
154 56 148
155 216 131
156 125 110
157 303 180
158 317 115
159 6 280
160 362 141
161 126 37
162 26 161
163 115 172
164 372 33
165 285 218
166 73 149
167 62 2
168 325 239
169 43 314
170 329 46
171 328 367
172 32 93
173 265 323
174 121 388
175 351 362
176 194 277
177 330 5
178 77 239
179 144 54
180 58 393
181 157 255
182 310 385
183 87 211
184 80 169
185 190 148
186 163 233
187 345 394
188 223 325
189 276 177
190 260 199
191 254 301
192 292 13
193 123 211
194 178 234
195 302 360
196 145 224
197 91 291
198 376 396
199 147 107
200 243 46
201 11 162
202 102 162
203 80 132
204 383 220
205 301 400
206 155 390
207 31 368
208 211 340
209 350 336
210 200 0
211 320 288
212 366 48
213 80 32
214 32 248
215 155 130
216 50 378
217 222 212
218 279 26
219 358 119
220 263 222
221 252 233
222 265 128
223 111 96
224 174 382
225 104 268
226 159 26
227 14 381
228 39 331
229 384 75
230 139 123
231 4 23
232 0 146
233 336 327
234 242 17
235 199 255
236 272 261
237 94 176
238 371 160
239 36 299
240 209 275
241 386 277
242 282 130
243 2 4
4 137
127 189
65 134
111 119
87 9
113 147
127 63
154 166
119 208
91 164
189 141
18 12
2 171
34 160
140 141
103 241
16 191
42 100
127 58
184 202
31 90
3 28
238 160
202 237
44 145
48 17
85 164
157 189
179 226
201 232
120 176
193 129
0 98
134 196
29 161
55 33
212 35
141 222
175 233
100 59
8 223
62 212
5 68
130 185
13 176
150 163
31 224
24 185
108 17
82 126
11 84
30 115
123 163
50 215
94 221
95 204
7 91
16 176
0 70
211 6
148 215
119 188
39 79
68 204
175 187
6 149
86 29
7 212
77 209
121 234
124 159
153 55
138 161
218 4
15 90
62 22
1 173
90 120
103 77
46 217
127 141
45 108
6 18
61 52
83 238
136 231
200 234
190 220
46 194
15 206
14 241
15 224
38 46
122 188
0 199
80 60
100 142
128 222
110 191
223 86
12 168
30 54
74 228
0 50
99 172
48 108
80 140
222 242
135 112
90 208
106 152
67 81
166 203
54 160
130 155
2 198
179 29
69 126
73 114
72 154
192 107
175 36
16 110
186 194
148 185
80 130
49 161
61 135
7 164
156 125
39 116
68 12
8 147
79 207
239 159
44 167
18 47
124 214
5 95
26 136
49 138
61 112
39 93
18 168
173 191
169 239
7 177
82 189
28 218
115 204
118 129
218 234
192 218
83 131
48 173
32 67
90 188
153 226
85 91
159 144
177 192
93 180
36 73
25 180
66 181
62 229
202 123
93 216
85 212
78 173
27 109
78 191
142 194
62 85
137 97
8 132
185 155
223 20
43 71
144 239
73 233
180 216
10 15
72 237
1 195
150 193
202 203
164 212
68 95
114 211
62 219
184 163
90 119
19 77
161 179
92 183
172 26
141 242
74 152
136 145
128 141
31 208
209 233
34 219
150 183
9 162
92 178
134 193
84 94
135 139
50 199
3 105
56 129
39 207
167 213
30 238
11 63
75 84
112 151
14 6
1 36
88 41
204 5
97 107
42 46
33 226
182 187
65 178
106 228
182 205
65 196
40 139
161 20
79 216
44 109
64 87
144 214
185 215
109 113
143 236
114 209
107 170
114 47
171 209
50 148
3 234
106 79
224 53
15 208
5 14
94 190
34 96
18 69
225 139
173 110
64 203
178 225
51 4
44 243
182 195
67 214
146 129
62 117
178 81
130 41
51 107
75 190
35 117
59 84
72 166
8 20
72 184
105 218
225 134
72 202
68 168
211 73
64 72
27 172
151 40
110 188
26 27
118 146
22 34
80 155
218 107
115 131
11 141
51 97
32 102
15 31
76 126
87 172
111 120
51 218
209 36
41 43
100 129
223 199
169 228
30 131
127 82
42 142
182 36
43 88
143 211
174 37
53 174
201 9
76 157
132 156
184 203
224 10
133 139
119 240
32 92
83 12
39 216
176 240
207 227
135 40
138 213
140 155
59 185
93 79
72 123
233 77
128 140
219 160
188 191
52 181
135 197
176 235
214 81
86 161
97 170
86 179
101 158
236 221
163 237
131 204
61 225
2 175
6 47
14 149
37 151
10 17
95 241
13 46
135 151
187 198
76 83
116 174
60 242
106 227
210 55
142 186
12 76
31 89
14 18
21 143
1 48
24 50
153 33
61 197
14 103
56 118
112 37
169 144
51 170
156 223
89 151
118 196
30 83
209 73
225 197
86 20
104 154
79 228
24 148
220 221
71 98
84 217
90 111
47 149
114 77
49 213
52 120
175 209
94 220
21 236
11 222
147 213
50 70
17 122
173 122
20 29
118 186
53 206
146 123
88 200
50 155
69 168
118 42
93 116
38 217
104 162
51 137
60 222
15 89
7 85
71 88
106 207
171 175
188 17
3 200
65 193
48 122
3 218
84 63
150 237
75 94
121 210
34 62
85 107
136 109
131 12
184 104
232 162
100 146
163 202
13 16
34 57
57 22
215 230
10 108
133 197
220 165
11 189
126 157
137 23
56 196
25 227
117 212
45 205
65 183
13 240
121 200
162 201
82 190
85 97
91 177
74 106
86 98
72 163
23 158
71 55
16 119
189 190
94 38
100 118
13 235
96 22
89 224
16 240
133 169
193 183
63 190
166 184
14 68
58 242
174 206
166 202
101 54
88 121
64 154
56 150
188 208
46 142
49 147
50 130
36 195
53 37
61 139
161 226
55 226
240 110
193 196
9 232
207 216
199 230
65 150
139 197
67 178
113 145
82 157
31 111
21 165
105 200
2 187
111 112
243 231
18 149
27 136
46 235
11 128
72 125
43 98
133 239
145 231
111 89
76 131
58 101
150 184
27 113
150 202
179 98
82 165
60 128
201 104
193 163
23 97
80 222
1 78
156 199
128 155
184 154
116 37
237 183
41 128
43 70
124 144
104 166
21 168
235 240
99 87
93 174
85 170
239 228
0 230
156 230
114 233
7 107
153 161
0 86
110 119
132 223
57 229
125 202
37 89
39 180
46 94
24 155
35 164
44 231
212 229
83 115
140 222
13 38
50 185
57 62
127 157
89 112
74 169
127 242
171 187
118 193
119 176
146 148
57 219
233 36
148 59
0 179
42 194
14 95
72 203
70 130
171 182
224 206
117 229
5 149
184 237
81 144
113 213
44 113
65 56
227 216
121 55
91 212
94 217
31 17
170 212
171 195
189 63
177 107
69 165
99 26
20 147
5 18
75 217
166 237
103 19
0 43
25 216
74 239
84 42
100 148
41 80
11 155
33 179
67 92
24 130
64 166
235 66
18 68
119 120
54 238
2 209
83 54
80 128
3 192
33 71
85 117
95 149
243 145
178 183
68 131
68 149
32 214
56 193
114 36
75 63
145 109
47 211
171 36
20 132
28 234
78 73
115 238
71 70
21 69
164 117
196 186
215 199
7 170
11 140
92 214
14 47
