40
0 15 15
1 15 0
2 15 13
3 17 14
4 14 13
5 16 10
6 20 9
7 20 6
8 17 5
9 22 3
10 17 7
11 15 7
12 8 9
13 16 3
14 9 7
15 9 12
16 5 8
17 6 4
18 10 5
19 12 5
20 10 2
21 13 3
22 11 6
23 15 6
24 15 5
25 22 6
26 22 5
27 15 10
28 24 9
29 24 7
30 24 6
31 9 10
32 7 9
33 11 9
34 8 7
35 10 7
36 9 6
37 24 2
38 21 1
39 17 0
0 2
0 3
0 4
2 3
2 5
3 5
3 6
3 29
3 10
4 27
4 15
4 12
5 10
5 11
6 7
6 28
7 25
8 23
8 9
9 13
9 39
9 38
10 11
11 22
11 12
11 27
12 14
13 24
13 1
13 21
14 36
15 16
15 31
16 17
17 20
17 18
18 19
18 36
19 21
20 1
21 1
22 23
22 34
24 26
25 26
26 30
28 29
29 30
30 37
31 32
31 33
32 34
33 35
34 36
35 36
37 38
38 39
39 1