73
0 20 86
1 117 194
2 161 45
3 181 193
4 134 151
5 29 199
6 1 92
7 96 14
8 68 2
9 112 170
10 90 3
11 76 56
12 125 79
13 94 145
14 42 116
15 148 183
16 109 155
17 173 26
18 123 57
19 129 24
20 83 179
21 67 13
22 143 104
23 123 9
24 189 39
25 188 15
26 96 109
27 17 39
28 126 176
29 167 12
30 60 171
31 75 39
32 162 66
33 37 129
34 198 83
35 170 96
36 182 75
37 112 121
38 97 74
39 26 68
40 170 190
41 100 32
42 10 11
43 87 128
44 51 133
45 4 0
46 33 33
47 188 151
48 190 92
49 100 60
50 51 100
51 20 116
52 51 82
53 149 24
54 120 155
55 39 141
56 123 134
57 140 118
58 33 102
59 24 181
60 182 164
61 110 103
62 187 1
63 135 193
64 6 80
65 83 89
66 139 6
67 51 59
68 167 129
69 190 122
70 149 69
71 96 170
72 141 44
72 18
41 49
52 58
22 35
3 40
7 10
2 32
57 4
14 33
38 18
49 18
36 48
22 12
14 44
40 63
25 29
7 23
47 68
33 44
12 70
9 71
13 71
31 67
17 25
39 64
5 59
50 58
21 31
35 48
6 51
32 70
10 21
2 17
66 29
20 71
28 63
51 58
17 29
10 23
51 33
4 56
13 43
39 52
46 67
23 53
9 54
35 36
62 29
13 54
59 30
17 24
31 41
68 69
38 65
63 9
1 63
11 65
66 19
23 66
62 24
0 58
16 54
30 71
36 32
51 14
11 67
39 67
21 7
50 52
62 17
0 51
70 18
12 18
57 68
9 28
0 64
53 66
42 45
0 39
52 67
4 54
14 58
57 56
9 16
30 20
13 16
34 48
24 25
27 42
65 26
68 22
3 60
26 61
2 70
8 31
22 57
39 27
46 42
7 41
15 63
2 72
48 69
27 46
11 38
68 35
70 72
38 49
34 36
72 53
56 54
11 31
57 37
11 49
15 40
33 55
44 55
8 10
0 6
40 60
14 50
37 61
46 39
25 62
8 21
66 72
53 19
2 53
19 23
15 1
38 12
37 56
15 28
10 41
47 60
26 37
47 69
8 7
34 35
15 3
6 64
